# coordinate_system: voxel_xy_after_load_rotation_geometry_for_volume
# x = volume H-axis coordinate, y = volume W-axis coordinate
centers_shape: (21, 2)
ray_origins_shape: (576, 2)

[centers]
idx	x_H_axis	y_W_axis
0	79.000000	120.000000
1	88.955452	121.656799
2	98.920799	126.323196
3	108.896049	133.999207
4	118.881203	144.684799
5	128.876251	158.380005
6	138.881195	175.084793
7	148.896057	194.799194
8	158.920807	217.523193
9	168.955444	243.256805
10	179.000000	272.000000
11	188.855453	243.256805
12	198.720795	217.523193
13	208.596054	194.799194
14	218.481201	175.084793
15	228.376251	158.380005
16	238.281204	144.684799
17	248.196045	133.999207
18	258.120789	126.323196
19	268.055450	121.656799
20	278.000000	120.000000

[ray_origins]
idx	x_H_axis	y_W_axis	nearest_center_id	nearest_center_dist
0	79.000000	120.000000	0	0.00000000
1	79.000000	120.000000	0	0.00000000
2	79.000000	120.000000	0	0.00000000
3	79.000000	120.000000	0	0.00000000
4	79.000000	120.000000	0	0.00000000
5	79.000000	120.000000	0	0.00000000
6	79.000000	120.000000	0	0.00000000
7	79.000000	120.000000	0	0.00000000
8	79.000000	120.000000	0	0.00000000
9	79.000000	120.000000	0	0.00000000
10	79.000000	120.000000	0	0.00000000
11	79.000000	120.000000	0	0.00000000
12	79.000000	120.000000	0	0.00000000
13	79.000000	120.000000	0	0.00000000
14	79.000000	120.000000	0	0.00000000
15	79.000000	120.000000	0	0.00000000
16	79.000000	120.000000	0	0.00000000
17	79.000000	120.000000	0	0.00000000
18	79.000000	120.000000	0	0.00000000
19	79.000000	120.000000	0	0.00000000
20	79.000000	120.000000	0	0.00000000
21	79.000000	120.000000	0	0.00000000
22	79.000000	120.000000	0	0.00000000
23	79.000000	120.000000	0	0.00000000
24	79.000000	120.000000	0	0.00000000
25	79.000000	120.000000	0	0.00000000
26	79.000000	120.000000	0	0.00000000
27	79.000000	120.000000	0	0.00000000
28	79.000000	120.000000	0	0.00000000
29	79.000000	120.000000	0	0.00000000
30	79.000000	120.000000	0	0.00000000
31	79.000000	120.000000	0	0.00000000
32	79.000000	120.000000	0	0.00000000
33	79.000000	120.000000	0	0.00000000
34	79.000000	120.000000	0	0.00000000
35	79.000000	120.000000	0	0.00000000
36	79.000000	120.000000	0	0.00000000
37	79.000000	120.000000	0	0.00000000
38	79.000000	120.000000	0	0.00000000
39	79.000000	120.000000	0	0.00000000
40	79.000000	120.000000	0	0.00000000
41	79.000000	120.000000	0	0.00000000
42	79.000000	120.000000	0	0.00000000
43	79.000000	120.000000	0	0.00000000
44	79.000000	120.000000	0	0.00000000
45	79.000000	120.000000	0	0.00000000
46	79.000000	120.000000	0	0.00000000
47	79.000000	120.000000	0	0.00000000
48	79.000000	120.000000	0	0.00000000
49	79.000000	120.000000	0	0.00000000
50	79.000000	120.000000	0	0.00000000
51	79.000000	120.000000	0	0.00000000
52	79.000000	120.000000	0	0.00000000
53	79.000000	120.000000	0	0.00000000
54	88.955452	121.656799	1	0.00000000
55	88.955452	121.656799	1	0.00000000
56	88.955452	121.656799	1	0.00000000
57	88.955452	121.656799	1	0.00000000
58	88.955452	121.656799	1	0.00000000
59	88.955452	121.656799	1	0.00000000
60	88.955452	121.656799	1	0.00000000
61	88.955452	121.656799	1	0.00000000
62	88.955452	121.656799	1	0.00000000
63	88.955452	121.656799	1	0.00000000
64	88.955452	121.656799	1	0.00000000
65	88.955452	121.656799	1	0.00000000
66	88.955452	121.656799	1	0.00000000
67	88.955452	121.656799	1	0.00000000
68	88.955452	121.656799	1	0.00000000
69	88.955452	121.656799	1	0.00000000
70	88.955452	121.656799	1	0.00000000
71	88.955452	121.656799	1	0.00000000
72	88.955452	121.656799	1	0.00000000
73	88.955452	121.656799	1	0.00000000
74	88.955452	121.656799	1	0.00000000
75	88.955452	121.656799	1	0.00000000
76	88.955452	121.656799	1	0.00000000
77	88.955452	121.656799	1	0.00000000
78	88.955452	121.656799	1	0.00000000
79	88.955452	121.656799	1	0.00000000
80	88.955452	121.656799	1	0.00000000
81	88.955452	121.656799	1	0.00000000
82	88.955452	121.656799	1	0.00000000
83	88.955452	121.656799	1	0.00000000
84	88.955452	121.656799	1	0.00000000
85	88.955452	121.656799	1	0.00000000
86	88.955452	121.656799	1	0.00000000
87	88.955452	121.656799	1	0.00000000
88	88.955452	121.656799	1	0.00000000
89	88.955452	121.656799	1	0.00000000
90	88.955452	121.656799	1	0.00000000
91	88.955452	121.656799	1	0.00000000
92	88.955452	121.656799	1	0.00000000
93	88.955452	121.656799	1	0.00000000
94	88.955452	121.656799	1	0.00000000
95	88.955452	121.656799	1	0.00000000
96	88.955452	121.656799	1	0.00000000
97	88.955452	121.656799	1	0.00000000
98	88.955452	121.656799	1	0.00000000
99	88.955452	121.656799	1	0.00000000
100	88.955452	121.656799	1	0.00000000
101	88.955452	121.656799	1	0.00000000
102	88.955452	121.656799	1	0.00000000
103	88.955452	121.656799	1	0.00000000
104	88.955452	121.656799	1	0.00000000
105	88.955452	121.656799	1	0.00000000
106	88.955452	121.656799	1	0.00000000
107	88.955452	121.656799	1	0.00000000
108	98.920799	126.323196	2	0.00000000
109	98.920799	126.323196	2	0.00000000
110	98.920799	126.323196	2	0.00000000
111	98.920799	126.323196	2	0.00000000
112	98.920799	126.323196	2	0.00000000
113	98.920799	126.323196	2	0.00000000
114	98.920799	126.323196	2	0.00000000
115	98.920799	126.323196	2	0.00000000
116	98.920799	126.323196	2	0.00000000
117	98.920799	126.323196	2	0.00000000
118	98.920799	126.323196	2	0.00000000
119	98.920799	126.323196	2	0.00000000
120	98.920799	126.323196	2	0.00000000
121	98.920799	126.323196	2	0.00000000
122	98.920799	126.323196	2	0.00000000
123	98.920799	126.323196	2	0.00000000
124	98.920799	126.323196	2	0.00000000
125	98.920799	126.323196	2	0.00000000
126	98.920799	126.323196	2	0.00000000
127	98.920799	126.323196	2	0.00000000
128	98.920799	126.323196	2	0.00000000
129	98.920799	126.323196	2	0.00000000
130	98.920799	126.323196	2	0.00000000
131	98.920799	126.323196	2	0.00000000
132	98.920799	126.323196	2	0.00000000
133	98.920799	126.323196	2	0.00000000
134	98.920799	126.323196	2	0.00000000
135	98.920799	126.323196	2	0.00000000
136	98.920799	126.323196	2	0.00000000
137	98.920799	126.323196	2	0.00000000
138	98.920799	126.323196	2	0.00000000
139	98.920799	126.323196	2	0.00000000
140	98.920799	126.323196	2	0.00000000
141	98.920799	126.323196	2	0.00000000
142	98.920799	126.323196	2	0.00000000
143	98.920799	126.323196	2	0.00000000
144	98.920799	126.323196	2	0.00000000
145	98.920799	126.323196	2	0.00000000
146	98.920799	126.323196	2	0.00000000
147	98.920799	126.323196	2	0.00000000
148	98.920799	126.323196	2	0.00000000
149	98.920799	126.323196	2	0.00000000
150	98.920799	126.323196	2	0.00000000
151	98.920799	126.323196	2	0.00000000
152	98.920799	126.323196	2	0.00000000
153	98.920799	126.323196	2	0.00000000
154	98.920799	126.323196	2	0.00000000
155	98.920799	126.323196	2	0.00000000
156	98.920799	126.323196	2	0.00000000
157	98.920799	126.323196	2	0.00000000
158	98.920799	126.323196	2	0.00000000
159	108.896049	133.999207	3	0.00000000
160	108.896049	133.999207	3	0.00000000
161	108.896049	133.999207	3	0.00000000
162	108.896049	133.999207	3	0.00000000
163	108.896049	133.999207	3	0.00000000
164	108.896049	133.999207	3	0.00000000
165	108.896049	133.999207	3	0.00000000
166	108.896049	133.999207	3	0.00000000
167	108.896049	133.999207	3	0.00000000
168	108.896049	133.999207	3	0.00000000
169	108.896049	133.999207	3	0.00000000
170	108.896049	133.999207	3	0.00000000
171	108.896049	133.999207	3	0.00000000
172	108.896049	133.999207	3	0.00000000
173	108.896049	133.999207	3	0.00000000
174	108.896049	133.999207	3	0.00000000
175	108.896049	133.999207	3	0.00000000
176	108.896049	133.999207	3	0.00000000
177	108.896049	133.999207	3	0.00000000
178	108.896049	133.999207	3	0.00000000
179	108.896049	133.999207	3	0.00000000
180	108.896049	133.999207	3	0.00000000
181	108.896049	133.999207	3	0.00000000
182	108.896049	133.999207	3	0.00000000
183	108.896049	133.999207	3	0.00000000
184	108.896049	133.999207	3	0.00000000
185	108.896049	133.999207	3	0.00000000
186	108.896049	133.999207	3	0.00000000
187	108.896049	133.999207	3	0.00000000
188	108.896049	133.999207	3	0.00000000
189	108.896049	133.999207	3	0.00000000
190	108.896049	133.999207	3	0.00000000
191	108.896049	133.999207	3	0.00000000
192	108.896049	133.999207	3	0.00000000
193	108.896049	133.999207	3	0.00000000
194	108.896049	133.999207	3	0.00000000
195	108.896049	133.999207	3	0.00000000
196	108.896049	133.999207	3	0.00000000
197	108.896049	133.999207	3	0.00000000
198	118.881203	144.684799	4	0.00000000
199	118.881203	144.684799	4	0.00000000
200	118.881203	144.684799	4	0.00000000
201	118.881203	144.684799	4	0.00000000
202	118.881203	144.684799	4	0.00000000
203	118.881203	144.684799	4	0.00000000
204	118.881203	144.684799	4	0.00000000
205	118.881203	144.684799	4	0.00000000
206	118.881203	144.684799	4	0.00000000
207	118.881203	144.684799	4	0.00000000
208	118.881203	144.684799	4	0.00000000
209	118.881203	144.684799	4	0.00000000
210	118.881203	144.684799	4	0.00000000
211	118.881203	144.684799	4	0.00000000
212	118.881203	144.684799	4	0.00000000
213	118.881203	144.684799	4	0.00000000
214	118.881203	144.684799	4	0.00000000
215	118.881203	144.684799	4	0.00000000
216	118.881203	144.684799	4	0.00000000
217	118.881203	144.684799	4	0.00000000
218	118.881203	144.684799	4	0.00000000
219	118.881203	144.684799	4	0.00000000
220	118.881203	144.684799	4	0.00000000
221	118.881203	144.684799	4	0.00000000
222	118.881203	144.684799	4	0.00000000
223	118.881203	144.684799	4	0.00000000
224	118.881203	144.684799	4	0.00000000
225	118.881203	144.684799	4	0.00000000
226	118.881203	144.684799	4	0.00000000
227	128.876251	158.380005	5	0.00000000
228	128.876251	158.380005	5	0.00000000
229	128.876251	158.380005	5	0.00000000
230	128.876251	158.380005	5	0.00000000
231	128.876251	158.380005	5	0.00000000
232	128.876251	158.380005	5	0.00000000
233	128.876251	158.380005	5	0.00000000
234	128.876251	158.380005	5	0.00000000
235	128.876251	158.380005	5	0.00000000
236	128.876251	158.380005	5	0.00000000
237	128.876251	158.380005	5	0.00000000
238	128.876251	158.380005	5	0.00000000
239	128.876251	158.380005	5	0.00000000
240	128.876251	158.380005	5	0.00000000
241	128.876251	158.380005	5	0.00000000
242	128.876251	158.380005	5	0.00000000
243	128.876251	158.380005	5	0.00000000
244	128.876251	158.380005	5	0.00000000
245	128.876251	158.380005	5	0.00000000
246	128.876251	158.380005	5	0.00000000
247	128.876251	158.380005	5	0.00000000
248	128.876251	158.380005	5	0.00000000
249	138.881195	175.084793	6	0.00000000
250	138.881195	175.084793	6	0.00000000
251	138.881195	175.084793	6	0.00000000
252	138.881195	175.084793	6	0.00000000
253	138.881195	175.084793	6	0.00000000
254	138.881195	175.084793	6	0.00000000
255	138.881195	175.084793	6	0.00000000
256	138.881195	175.084793	6	0.00000000
257	138.881195	175.084793	6	0.00000000
258	138.881195	175.084793	6	0.00000000
259	138.881195	175.084793	6	0.00000000
260	138.881195	175.084793	6	0.00000000
261	138.881195	175.084793	6	0.00000000
262	138.881195	175.084793	6	0.00000000
263	138.881195	175.084793	6	0.00000000
264	138.881195	175.084793	6	0.00000000
265	138.881195	175.084793	6	0.00000000
266	148.896057	194.799194	7	0.00000000
267	148.896057	194.799194	7	0.00000000
268	148.896057	194.799194	7	0.00000000
269	148.896057	194.799194	7	0.00000000
270	148.896057	194.799194	7	0.00000000
271	158.920807	217.523193	8	0.00000000
272	158.920807	217.523193	8	0.00000000
273	158.920807	217.523193	8	0.00000000
274	158.920807	217.523193	8	0.00000000
275	158.920807	217.523193	8	0.00000000
276	168.955444	243.256805	9	0.00000000
277	168.955444	243.256805	9	0.00000000
278	168.955444	243.256805	9	0.00000000
279	168.955444	243.256805	9	0.00000000
280	179.000000	272.000000	10	0.00000000
281	179.000000	272.000000	10	0.00000000
282	179.000000	272.000000	10	0.00000000
283	179.000000	272.000000	10	0.00000000
284	179.000000	272.000000	10	0.00000000
285	179.000000	272.000000	10	0.00000000
286	179.000000	272.000000	10	0.00000000
287	179.000000	272.000000	10	0.00000000
288	179.000000	272.000000	10	0.00000000
289	179.000000	272.000000	10	0.00000000
290	179.000000	272.000000	10	0.00000000
291	179.000000	272.000000	10	0.00000000
292	179.000000	272.000000	10	0.00000000
293	179.000000	272.000000	10	0.00000000
294	188.855453	243.256805	11	0.00000000
295	188.855453	243.256805	11	0.00000000
296	188.855453	243.256805	11	0.00000000
297	188.855453	243.256805	11	0.00000000
298	198.720795	217.523193	12	0.00000000
299	198.720795	217.523193	12	0.00000000
300	198.720795	217.523193	12	0.00000000
301	198.720795	217.523193	12	0.00000000
302	198.720795	217.523193	12	0.00000000
303	208.596054	194.799194	13	0.00000000
304	208.596054	194.799194	13	0.00000000
305	208.596054	194.799194	13	0.00000000
306	208.596054	194.799194	13	0.00000000
307	208.596054	194.799194	13	0.00000000
308	208.596054	194.799194	13	0.00000000
309	208.596054	194.799194	13	0.00000000
310	208.596054	194.799194	13	0.00000000
311	208.596054	194.799194	13	0.00000000
312	208.596054	194.799194	13	0.00000000
313	208.596054	194.799194	13	0.00000000
314	208.596054	194.799194	13	0.00000000
315	208.596054	194.799194	13	0.00000000
316	208.596054	194.799194	13	0.00000000
317	218.481201	175.084793	14	0.00000000
318	218.481201	175.084793	14	0.00000000
319	218.481201	175.084793	14	0.00000000
320	218.481201	175.084793	14	0.00000000
321	218.481201	175.084793	14	0.00000000
322	218.481201	175.084793	14	0.00000000
323	218.481201	175.084793	14	0.00000000
324	218.481201	175.084793	14	0.00000000
325	218.481201	175.084793	14	0.00000000
326	218.481201	175.084793	14	0.00000000
327	218.481201	175.084793	14	0.00000000
328	218.481201	175.084793	14	0.00000000
329	218.481201	175.084793	14	0.00000000
330	218.481201	175.084793	14	0.00000000
331	218.481201	175.084793	14	0.00000000
332	218.481201	175.084793	14	0.00000000
333	218.481201	175.084793	14	0.00000000
334	218.481201	175.084793	14	0.00000000
335	228.376251	158.380005	15	0.00000000
336	228.376251	158.380005	15	0.00000000
337	228.376251	158.380005	15	0.00000000
338	228.376251	158.380005	15	0.00000000
339	228.376251	158.380005	15	0.00000000
340	228.376251	158.380005	15	0.00000000
341	228.376251	158.380005	15	0.00000000
342	228.376251	158.380005	15	0.00000000
343	228.376251	158.380005	15	0.00000000
344	228.376251	158.380005	15	0.00000000
345	228.376251	158.380005	15	0.00000000
346	228.376251	158.380005	15	0.00000000
347	228.376251	158.380005	15	0.00000000
348	228.376251	158.380005	15	0.00000000
349	228.376251	158.380005	15	0.00000000
350	228.376251	158.380005	15	0.00000000
351	228.376251	158.380005	15	0.00000000
352	228.376251	158.380005	15	0.00000000
353	228.376251	158.380005	15	0.00000000
354	228.376251	158.380005	15	0.00000000
355	228.376251	158.380005	15	0.00000000
356	228.376251	158.380005	15	0.00000000
357	238.281204	144.684799	16	0.00000000
358	238.281204	144.684799	16	0.00000000
359	238.281204	144.684799	16	0.00000000
360	238.281204	144.684799	16	0.00000000
361	238.281204	144.684799	16	0.00000000
362	238.281204	144.684799	16	0.00000000
363	238.281204	144.684799	16	0.00000000
364	238.281204	144.684799	16	0.00000000
365	238.281204	144.684799	16	0.00000000
366	238.281204	144.684799	16	0.00000000
367	238.281204	144.684799	16	0.00000000
368	238.281204	144.684799	16	0.00000000
369	238.281204	144.684799	16	0.00000000
370	238.281204	144.684799	16	0.00000000
371	238.281204	144.684799	16	0.00000000
372	238.281204	144.684799	16	0.00000000
373	238.281204	144.684799	16	0.00000000
374	238.281204	144.684799	16	0.00000000
375	238.281204	144.684799	16	0.00000000
376	238.281204	144.684799	16	0.00000000
377	238.281204	144.684799	16	0.00000000
378	238.281204	144.684799	16	0.00000000
379	238.281204	144.684799	16	0.00000000
380	238.281204	144.684799	16	0.00000000
381	238.281204	144.684799	16	0.00000000
382	238.281204	144.684799	16	0.00000000
383	238.281204	144.684799	16	0.00000000
384	238.281204	144.684799	16	0.00000000
385	238.281204	144.684799	16	0.00000000
386	248.196045	133.999207	17	0.00000000
387	248.196045	133.999207	17	0.00000000
388	248.196045	133.999207	17	0.00000000
389	248.196045	133.999207	17	0.00000000
390	248.196045	133.999207	17	0.00000000
391	248.196045	133.999207	17	0.00000000
392	248.196045	133.999207	17	0.00000000
393	248.196045	133.999207	17	0.00000000
394	248.196045	133.999207	17	0.00000000
395	248.196045	133.999207	17	0.00000000
396	248.196045	133.999207	17	0.00000000
397	248.196045	133.999207	17	0.00000000
398	248.196045	133.999207	17	0.00000000
399	248.196045	133.999207	17	0.00000000
400	248.196045	133.999207	17	0.00000000
401	248.196045	133.999207	17	0.00000000
402	248.196045	133.999207	17	0.00000000
403	248.196045	133.999207	17	0.00000000
404	248.196045	133.999207	17	0.00000000
405	248.196045	133.999207	17	0.00000000
406	248.196045	133.999207	17	0.00000000
407	248.196045	133.999207	17	0.00000000
408	248.196045	133.999207	17	0.00000000
409	248.196045	133.999207	17	0.00000000
410	248.196045	133.999207	17	0.00000000
411	248.196045	133.999207	17	0.00000000
412	248.196045	133.999207	17	0.00000000
413	248.196045	133.999207	17	0.00000000
414	248.196045	133.999207	17	0.00000000
415	248.196045	133.999207	17	0.00000000
416	248.196045	133.999207	17	0.00000000
417	248.196045	133.999207	17	0.00000000
418	248.196045	133.999207	17	0.00000000
419	248.196045	133.999207	17	0.00000000
420	248.196045	133.999207	17	0.00000000
421	248.196045	133.999207	17	0.00000000
422	248.196045	133.999207	17	0.00000000
423	248.196045	133.999207	17	0.00000000
424	248.196045	133.999207	17	0.00000000
425	258.120789	126.323196	18	0.00000000
426	258.120789	126.323196	18	0.00000000
427	258.120789	126.323196	18	0.00000000
428	258.120789	126.323196	18	0.00000000
429	258.120789	126.323196	18	0.00000000
430	258.120789	126.323196	18	0.00000000
431	258.120789	126.323196	18	0.00000000
432	258.120789	126.323196	18	0.00000000
433	258.120789	126.323196	18	0.00000000
434	258.120789	126.323196	18	0.00000000
435	258.120789	126.323196	18	0.00000000
436	258.120789	126.323196	18	0.00000000
437	258.120789	126.323196	18	0.00000000
438	258.120789	126.323196	18	0.00000000
439	258.120789	126.323196	18	0.00000000
440	258.120789	126.323196	18	0.00000000
441	258.120789	126.323196	18	0.00000000
442	258.120789	126.323196	18	0.00000000
443	258.120789	126.323196	18	0.00000000
444	258.120789	126.323196	18	0.00000000
445	258.120789	126.323196	18	0.00000000
446	258.120789	126.323196	18	0.00000000
447	258.120789	126.323196	18	0.00000000
448	258.120789	126.323196	18	0.00000000
449	258.120789	126.323196	18	0.00000000
450	258.120789	126.323196	18	0.00000000
451	258.120789	126.323196	18	0.00000000
452	258.120789	126.323196	18	0.00000000
453	258.120789	126.323196	18	0.00000000
454	258.120789	126.323196	18	0.00000000
455	258.120789	126.323196	18	0.00000000
456	258.120789	126.323196	18	0.00000000
457	258.120789	126.323196	18	0.00000000
458	258.120789	126.323196	18	0.00000000
459	258.120789	126.323196	18	0.00000000
460	258.120789	126.323196	18	0.00000000
461	258.120789	126.323196	18	0.00000000
462	258.120789	126.323196	18	0.00000000
463	258.120789	126.323196	18	0.00000000
464	258.120789	126.323196	18	0.00000000
465	258.120789	126.323196	18	0.00000000
466	258.120789	126.323196	18	0.00000000
467	258.120789	126.323196	18	0.00000000
468	268.055450	121.656799	19	0.00000000
469	268.055450	121.656799	19	0.00000000
470	268.055450	121.656799	19	0.00000000
471	268.055450	121.656799	19	0.00000000
472	268.055450	121.656799	19	0.00000000
473	268.055450	121.656799	19	0.00000000
474	268.055450	121.656799	19	0.00000000
475	268.055450	121.656799	19	0.00000000
476	268.055450	121.656799	19	0.00000000
477	268.055450	121.656799	19	0.00000000
478	268.055450	121.656799	19	0.00000000
479	268.055450	121.656799	19	0.00000000
480	268.055450	121.656799	19	0.00000000
481	268.055450	121.656799	19	0.00000000
482	268.055450	121.656799	19	0.00000000
483	268.055450	121.656799	19	0.00000000
484	268.055450	121.656799	19	0.00000000
485	268.055450	121.656799	19	0.00000000
486	268.055450	121.656799	19	0.00000000
487	268.055450	121.656799	19	0.00000000
488	268.055450	121.656799	19	0.00000000
489	268.055450	121.656799	19	0.00000000
490	268.055450	121.656799	19	0.00000000
491	268.055450	121.656799	19	0.00000000
492	268.055450	121.656799	19	0.00000000
493	268.055450	121.656799	19	0.00000000
494	268.055450	121.656799	19	0.00000000
495	268.055450	121.656799	19	0.00000000
496	268.055450	121.656799	19	0.00000000
497	268.055450	121.656799	19	0.00000000
498	268.055450	121.656799	19	0.00000000
499	268.055450	121.656799	19	0.00000000
500	268.055450	121.656799	19	0.00000000
501	268.055450	121.656799	19	0.00000000
502	268.055450	121.656799	19	0.00000000
503	268.055450	121.656799	19	0.00000000
504	268.055450	121.656799	19	0.00000000
505	268.055450	121.656799	19	0.00000000
506	268.055450	121.656799	19	0.00000000
507	268.055450	121.656799	19	0.00000000
508	268.055450	121.656799	19	0.00000000
509	268.055450	121.656799	19	0.00000000
510	268.055450	121.656799	19	0.00000000
511	268.055450	121.656799	19	0.00000000
512	268.055450	121.656799	19	0.00000000
513	268.055450	121.656799	19	0.00000000
514	268.055450	121.656799	19	0.00000000
515	268.055450	121.656799	19	0.00000000
516	268.055450	121.656799	19	0.00000000
517	268.055450	121.656799	19	0.00000000
518	268.055450	121.656799	19	0.00000000
519	268.055450	121.656799	19	0.00000000
520	268.055450	121.656799	19	0.00000000
521	268.055450	121.656799	19	0.00000000
522	278.000000	120.000000	20	0.00000000
523	278.000000	120.000000	20	0.00000000
524	278.000000	120.000000	20	0.00000000
525	278.000000	120.000000	20	0.00000000
526	278.000000	120.000000	20	0.00000000
527	278.000000	120.000000	20	0.00000000
528	278.000000	120.000000	20	0.00000000
529	278.000000	120.000000	20	0.00000000
530	278.000000	120.000000	20	0.00000000
531	278.000000	120.000000	20	0.00000000
532	278.000000	120.000000	20	0.00000000
533	278.000000	120.000000	20	0.00000000
534	278.000000	120.000000	20	0.00000000
535	278.000000	120.000000	20	0.00000000
536	278.000000	120.000000	20	0.00000000
537	278.000000	120.000000	20	0.00000000
538	278.000000	120.000000	20	0.00000000
539	278.000000	120.000000	20	0.00000000
540	278.000000	120.000000	20	0.00000000
541	278.000000	120.000000	20	0.00000000
542	278.000000	120.000000	20	0.00000000
543	278.000000	120.000000	20	0.00000000
544	278.000000	120.000000	20	0.00000000
545	278.000000	120.000000	20	0.00000000
546	278.000000	120.000000	20	0.00000000
547	278.000000	120.000000	20	0.00000000
548	278.000000	120.000000	20	0.00000000
549	278.000000	120.000000	20	0.00000000
550	278.000000	120.000000	20	0.00000000
551	278.000000	120.000000	20	0.00000000
552	278.000000	120.000000	20	0.00000000
553	278.000000	120.000000	20	0.00000000
554	278.000000	120.000000	20	0.00000000
555	278.000000	120.000000	20	0.00000000
556	278.000000	120.000000	20	0.00000000
557	278.000000	120.000000	20	0.00000000
558	278.000000	120.000000	20	0.00000000
559	278.000000	120.000000	20	0.00000000
560	278.000000	120.000000	20	0.00000000
561	278.000000	120.000000	20	0.00000000
562	278.000000	120.000000	20	0.00000000
563	278.000000	120.000000	20	0.00000000
564	278.000000	120.000000	20	0.00000000
565	278.000000	120.000000	20	0.00000000
566	278.000000	120.000000	20	0.00000000
567	278.000000	120.000000	20	0.00000000
568	278.000000	120.000000	20	0.00000000
569	278.000000	120.000000	20	0.00000000
570	278.000000	120.000000	20	0.00000000
571	278.000000	120.000000	20	0.00000000
572	278.000000	120.000000	20	0.00000000
573	278.000000	120.000000	20	0.00000000
574	278.000000	120.000000	20	0.00000000
575	278.000000	120.000000	20	0.00000000
