# coordinate_system: voxel_xy_after_load_rotation_geometry_for_volume
# x = volume H-axis coordinate, y = volume W-axis coordinate
centers_shape: (21, 2)
ray_origins_shape: (311, 2)

[centers]
idx	x_H_axis	y_W_axis
0	73.000000	83.000000
1	82.955452	84.656799
2	92.920799	89.323196
3	102.896049	96.999199
4	112.881203	107.684799
5	122.876251	121.379997
6	132.881195	138.084793
7	142.896057	157.799194
8	152.920807	180.523193
9	162.955444	206.256805
10	173.000000	235.000000
11	182.855453	206.256805
12	192.720795	180.523193
13	202.596054	157.799194
14	212.481201	138.084793
15	222.376251	121.379997
16	232.281204	107.684799
17	242.196045	96.999199
18	252.120804	89.323196
19	262.055450	84.656799
20	272.000000	83.000000

[ray_origins]
idx	x_H_axis	y_W_axis	nearest_center_id	nearest_center_dist
0	73.000000	83.000000	0	0.00000000
1	73.000000	83.000000	0	0.00000000
2	73.000000	83.000000	0	0.00000000
3	73.000000	83.000000	0	0.00000000
4	73.000000	83.000000	0	0.00000000
5	73.000000	83.000000	0	0.00000000
6	73.000000	83.000000	0	0.00000000
7	73.000000	83.000000	0	0.00000000
8	73.000000	83.000000	0	0.00000000
9	73.000000	83.000000	0	0.00000000
10	73.000000	83.000000	0	0.00000000
11	73.000000	83.000000	0	0.00000000
12	73.000000	83.000000	0	0.00000000
13	73.000000	83.000000	0	0.00000000
14	73.000000	83.000000	0	0.00000000
15	73.000000	83.000000	0	0.00000000
16	73.000000	83.000000	0	0.00000000
17	73.000000	83.000000	0	0.00000000
18	73.000000	83.000000	0	0.00000000
19	73.000000	83.000000	0	0.00000000
20	73.000000	83.000000	0	0.00000000
21	73.000000	83.000000	0	0.00000000
22	73.000000	83.000000	0	0.00000000
23	73.000000	83.000000	0	0.00000000
24	73.000000	83.000000	0	0.00000000
25	73.000000	83.000000	0	0.00000000
26	73.000000	83.000000	0	0.00000000
27	73.000000	83.000000	0	0.00000000
28	73.000000	83.000000	0	0.00000000
29	73.000000	83.000000	0	0.00000000
30	73.000000	83.000000	0	0.00000000
31	73.000000	83.000000	0	0.00000000
32	73.000000	83.000000	0	0.00000000
33	82.955452	84.656799	1	0.00000000
34	82.955452	84.656799	1	0.00000000
35	82.955452	84.656799	1	0.00000000
36	82.955452	84.656799	1	0.00000000
37	82.955452	84.656799	1	0.00000000
38	82.955452	84.656799	1	0.00000000
39	82.955452	84.656799	1	0.00000000
40	82.955452	84.656799	1	0.00000000
41	82.955452	84.656799	1	0.00000000
42	82.955452	84.656799	1	0.00000000
43	82.955452	84.656799	1	0.00000000
44	82.955452	84.656799	1	0.00000000
45	82.955452	84.656799	1	0.00000000
46	82.955452	84.656799	1	0.00000000
47	82.955452	84.656799	1	0.00000000
48	82.955452	84.656799	1	0.00000000
49	82.955452	84.656799	1	0.00000000
50	82.955452	84.656799	1	0.00000000
51	82.955452	84.656799	1	0.00000000
52	82.955452	84.656799	1	0.00000000
53	82.955452	84.656799	1	0.00000000
54	82.955452	84.656799	1	0.00000000
55	82.955452	84.656799	1	0.00000000
56	82.955452	84.656799	1	0.00000000
57	82.955452	84.656799	1	0.00000000
58	82.955452	84.656799	1	0.00000000
59	82.955452	84.656799	1	0.00000000
60	82.955452	84.656799	1	0.00000000
61	82.955452	84.656799	1	0.00000000
62	82.955452	84.656799	1	0.00000000
63	82.955452	84.656799	1	0.00000000
64	82.955452	84.656799	1	0.00000000
65	82.955452	84.656799	1	0.00000000
66	92.920799	89.323196	2	0.00000000
67	92.920799	89.323196	2	0.00000000
68	92.920799	89.323196	2	0.00000000
69	92.920799	89.323196	2	0.00000000
70	92.920799	89.323196	2	0.00000000
71	92.920799	89.323196	2	0.00000000
72	92.920799	89.323196	2	0.00000000
73	92.920799	89.323196	2	0.00000000
74	92.920799	89.323196	2	0.00000000
75	92.920799	89.323196	2	0.00000000
76	92.920799	89.323196	2	0.00000000
77	92.920799	89.323196	2	0.00000000
78	92.920799	89.323196	2	0.00000000
79	92.920799	89.323196	2	0.00000000
80	92.920799	89.323196	2	0.00000000
81	92.920799	89.323196	2	0.00000000
82	92.920799	89.323196	2	0.00000000
83	92.920799	89.323196	2	0.00000000
84	92.920799	89.323196	2	0.00000000
85	92.920799	89.323196	2	0.00000000
86	92.920799	89.323196	2	0.00000000
87	92.920799	89.323196	2	0.00000000
88	102.896049	96.999199	3	0.00000000
89	102.896049	96.999199	3	0.00000000
90	102.896049	96.999199	3	0.00000000
91	102.896049	96.999199	3	0.00000000
92	102.896049	96.999199	3	0.00000000
93	102.896049	96.999199	3	0.00000000
94	102.896049	96.999199	3	0.00000000
95	102.896049	96.999199	3	0.00000000
96	102.896049	96.999199	3	0.00000000
97	102.896049	96.999199	3	0.00000000
98	102.896049	96.999199	3	0.00000000
99	102.896049	96.999199	3	0.00000000
100	102.896049	96.999199	3	0.00000000
101	102.896049	96.999199	3	0.00000000
102	102.896049	96.999199	3	0.00000000
103	102.896049	96.999199	3	0.00000000
104	102.896049	96.999199	3	0.00000000
105	112.881203	107.684799	4	0.00000000
106	112.881203	107.684799	4	0.00000000
107	112.881203	107.684799	4	0.00000000
108	112.881203	107.684799	4	0.00000000
109	112.881203	107.684799	4	0.00000000
110	112.881203	107.684799	4	0.00000000
111	112.881203	107.684799	4	0.00000000
112	112.881203	107.684799	4	0.00000000
113	112.881203	107.684799	4	0.00000000
114	112.881203	107.684799	4	0.00000000
115	112.881203	107.684799	4	0.00000000
116	112.881203	107.684799	4	0.00000000
117	112.881203	107.684799	4	0.00000000
118	122.876251	121.379997	5	0.00000000
119	122.876251	121.379997	5	0.00000000
120	122.876251	121.379997	5	0.00000000
121	122.876251	121.379997	5	0.00000000
122	122.876251	121.379997	5	0.00000000
123	122.876251	121.379997	5	0.00000000
124	122.876251	121.379997	5	0.00000000
125	122.876251	121.379997	5	0.00000000
126	122.876251	121.379997	5	0.00000000
127	122.876251	121.379997	5	0.00000000
128	132.881195	138.084793	6	0.00000000
129	132.881195	138.084793	6	0.00000000
130	132.881195	138.084793	6	0.00000000
131	132.881195	138.084793	6	0.00000000
132	132.881195	138.084793	6	0.00000000
133	132.881195	138.084793	6	0.00000000
134	132.881195	138.084793	6	0.00000000
135	132.881195	138.084793	6	0.00000000
136	142.896057	157.799194	7	0.00000000
137	142.896057	157.799194	7	0.00000000
138	142.896057	157.799194	7	0.00000000
139	142.896057	157.799194	7	0.00000000
140	152.920807	180.523193	8	0.00000000
141	152.920807	180.523193	8	0.00000000
142	152.920807	180.523193	8	0.00000000
143	162.955444	206.256805	9	0.00000000
144	162.955444	206.256805	9	0.00000000
145	162.955444	206.256805	9	0.00000000
146	173.000000	235.000000	10	0.00000000
147	173.000000	235.000000	10	0.00000000
148	173.000000	235.000000	10	0.00000000
149	173.000000	235.000000	10	0.00000000
150	173.000000	235.000000	10	0.00000000
151	173.000000	235.000000	10	0.00000000
152	173.000000	235.000000	10	0.00000000
153	173.000000	235.000000	10	0.00000000
154	173.000000	235.000000	10	0.00000000
155	173.000000	235.000000	10	0.00000000
156	173.000000	235.000000	10	0.00000000
157	182.855453	206.256805	11	0.00000000
158	182.855453	206.256805	11	0.00000000
159	182.855453	206.256805	11	0.00000000
160	192.720795	180.523193	12	0.00000000
161	192.720795	180.523193	12	0.00000000
162	192.720795	180.523193	12	0.00000000
163	202.596054	157.799194	13	0.00000000
164	202.596054	157.799194	13	0.00000000
165	202.596054	157.799194	13	0.00000000
166	202.596054	157.799194	13	0.00000000
167	202.596054	157.799194	13	0.00000000
168	202.596054	157.799194	13	0.00000000
169	202.596054	157.799194	13	0.00000000
170	212.481201	138.084793	14	0.00000000
171	212.481201	138.084793	14	0.00000000
172	212.481201	138.084793	14	0.00000000
173	212.481201	138.084793	14	0.00000000
174	212.481201	138.084793	14	0.00000000
175	212.481201	138.084793	14	0.00000000
176	212.481201	138.084793	14	0.00000000
177	212.481201	138.084793	14	0.00000000
178	222.376251	121.379997	15	0.00000000
179	222.376251	121.379997	15	0.00000000
180	222.376251	121.379997	15	0.00000000
181	222.376251	121.379997	15	0.00000000
182	222.376251	121.379997	15	0.00000000
183	222.376251	121.379997	15	0.00000000
184	222.376251	121.379997	15	0.00000000
185	222.376251	121.379997	15	0.00000000
186	222.376251	121.379997	15	0.00000000
187	222.376251	121.379997	15	0.00000000
188	232.281204	107.684799	16	0.00000000
189	232.281204	107.684799	16	0.00000000
190	232.281204	107.684799	16	0.00000000
191	232.281204	107.684799	16	0.00000000
192	232.281204	107.684799	16	0.00000000
193	232.281204	107.684799	16	0.00000000
194	232.281204	107.684799	16	0.00000000
195	232.281204	107.684799	16	0.00000000
196	232.281204	107.684799	16	0.00000000
197	232.281204	107.684799	16	0.00000000
198	232.281204	107.684799	16	0.00000000
199	232.281204	107.684799	16	0.00000000
200	232.281204	107.684799	16	0.00000000
201	242.196045	96.999199	17	0.00000000
202	242.196045	96.999199	17	0.00000000
203	242.196045	96.999199	17	0.00000000
204	242.196045	96.999199	17	0.00000000
205	242.196045	96.999199	17	0.00000000
206	242.196045	96.999199	17	0.00000000
207	242.196045	96.999199	17	0.00000000
208	242.196045	96.999199	17	0.00000000
209	242.196045	96.999199	17	0.00000000
210	242.196045	96.999199	17	0.00000000
211	242.196045	96.999199	17	0.00000000
212	242.196045	96.999199	17	0.00000000
213	242.196045	96.999199	17	0.00000000
214	242.196045	96.999199	17	0.00000000
215	242.196045	96.999199	17	0.00000000
216	242.196045	96.999199	17	0.00000000
217	242.196045	96.999199	17	0.00000000
218	252.120804	89.323196	18	0.00000000
219	252.120804	89.323196	18	0.00000000
220	252.120804	89.323196	18	0.00000000
221	252.120804	89.323196	18	0.00000000
222	252.120804	89.323196	18	0.00000000
223	252.120804	89.323196	18	0.00000000
224	252.120804	89.323196	18	0.00000000
225	252.120804	89.323196	18	0.00000000
226	252.120804	89.323196	18	0.00000000
227	252.120804	89.323196	18	0.00000000
228	252.120804	89.323196	18	0.00000000
229	252.120804	89.323196	18	0.00000000
230	252.120804	89.323196	18	0.00000000
231	252.120804	89.323196	18	0.00000000
232	252.120804	89.323196	18	0.00000000
233	252.120804	89.323196	18	0.00000000
234	252.120804	89.323196	18	0.00000000
235	252.120804	89.323196	18	0.00000000
236	252.120804	89.323196	18	0.00000000
237	252.120804	89.323196	18	0.00000000
238	252.120804	89.323196	18	0.00000000
239	252.120804	89.323196	18	0.00000000
240	252.120804	89.323196	18	0.00000000
241	252.120804	89.323196	18	0.00000000
242	252.120804	89.323196	18	0.00000000
243	252.120804	89.323196	18	0.00000000
244	252.120804	89.323196	18	0.00000000
245	262.055450	84.656799	19	0.00000000
246	262.055450	84.656799	19	0.00000000
247	262.055450	84.656799	19	0.00000000
248	262.055450	84.656799	19	0.00000000
249	262.055450	84.656799	19	0.00000000
250	262.055450	84.656799	19	0.00000000
251	262.055450	84.656799	19	0.00000000
252	262.055450	84.656799	19	0.00000000
253	262.055450	84.656799	19	0.00000000
254	262.055450	84.656799	19	0.00000000
255	262.055450	84.656799	19	0.00000000
256	262.055450	84.656799	19	0.00000000
257	262.055450	84.656799	19	0.00000000
258	262.055450	84.656799	19	0.00000000
259	262.055450	84.656799	19	0.00000000
260	262.055450	84.656799	19	0.00000000
261	262.055450	84.656799	19	0.00000000
262	262.055450	84.656799	19	0.00000000
263	262.055450	84.656799	19	0.00000000
264	262.055450	84.656799	19	0.00000000
265	262.055450	84.656799	19	0.00000000
266	262.055450	84.656799	19	0.00000000
267	262.055450	84.656799	19	0.00000000
268	262.055450	84.656799	19	0.00000000
269	262.055450	84.656799	19	0.00000000
270	262.055450	84.656799	19	0.00000000
271	262.055450	84.656799	19	0.00000000
272	262.055450	84.656799	19	0.00000000
273	262.055450	84.656799	19	0.00000000
274	262.055450	84.656799	19	0.00000000
275	262.055450	84.656799	19	0.00000000
276	262.055450	84.656799	19	0.00000000
277	262.055450	84.656799	19	0.00000000
278	272.000000	83.000000	20	0.00000000
279	272.000000	83.000000	20	0.00000000
280	272.000000	83.000000	20	0.00000000
281	272.000000	83.000000	20	0.00000000
282	272.000000	83.000000	20	0.00000000
283	272.000000	83.000000	20	0.00000000
284	272.000000	83.000000	20	0.00000000
285	272.000000	83.000000	20	0.00000000
286	272.000000	83.000000	20	0.00000000
287	272.000000	83.000000	20	0.00000000
288	272.000000	83.000000	20	0.00000000
289	272.000000	83.000000	20	0.00000000
290	272.000000	83.000000	20	0.00000000
291	272.000000	83.000000	20	0.00000000
292	272.000000	83.000000	20	0.00000000
293	272.000000	83.000000	20	0.00000000
294	272.000000	83.000000	20	0.00000000
295	272.000000	83.000000	20	0.00000000
296	272.000000	83.000000	20	0.00000000
297	272.000000	83.000000	20	0.00000000
298	272.000000	83.000000	20	0.00000000
299	272.000000	83.000000	20	0.00000000
300	272.000000	83.000000	20	0.00000000
301	272.000000	83.000000	20	0.00000000
302	272.000000	83.000000	20	0.00000000
303	272.000000	83.000000	20	0.00000000
304	272.000000	83.000000	20	0.00000000
305	272.000000	83.000000	20	0.00000000
306	272.000000	83.000000	20	0.00000000
307	272.000000	83.000000	20	0.00000000
308	272.000000	83.000000	20	0.00000000
309	272.000000	83.000000	20	0.00000000
310	272.000000	83.000000	20	0.00000000
