# coordinate_system: voxel_xy_after_load_rotation_geometry_for_volume
# x = volume H-axis coordinate, y = volume W-axis coordinate
centers_shape: (21, 2)
ray_origins_shape: (311, 2)

[centers]
idx	x_H_axis	y_W_axis
0	42.000000	84.000000
1	51.955448	85.656799
2	61.920799	90.323196
3	71.896049	97.999199
4	81.881203	108.684799
5	91.876251	122.379997
6	101.881203	139.084793
7	111.896049	158.799194
8	121.920799	181.523193
9	131.955444	207.256805
10	142.000000	236.000000
11	151.855453	207.256805
12	161.720795	181.523193
13	171.596054	158.799194
14	181.481201	139.084793
15	191.376251	122.379997
16	201.281204	108.684799
17	211.196045	97.999199
18	221.120804	90.323196
19	231.055450	85.656799
20	241.000000	84.000000

[ray_origins]
idx	x_H_axis	y_W_axis	nearest_center_id	nearest_center_dist
0	42.000000	84.000000	0	0.00000000
1	42.000000	84.000000	0	0.00000000
2	42.000000	84.000000	0	0.00000000
3	42.000000	84.000000	0	0.00000000
4	42.000000	84.000000	0	0.00000000
5	42.000000	84.000000	0	0.00000000
6	42.000000	84.000000	0	0.00000000
7	42.000000	84.000000	0	0.00000000
8	42.000000	84.000000	0	0.00000000
9	42.000000	84.000000	0	0.00000000
10	42.000000	84.000000	0	0.00000000
11	42.000000	84.000000	0	0.00000000
12	42.000000	84.000000	0	0.00000000
13	42.000000	84.000000	0	0.00000000
14	42.000000	84.000000	0	0.00000000
15	42.000000	84.000000	0	0.00000000
16	42.000000	84.000000	0	0.00000000
17	42.000000	84.000000	0	0.00000000
18	42.000000	84.000000	0	0.00000000
19	42.000000	84.000000	0	0.00000000
20	42.000000	84.000000	0	0.00000000
21	42.000000	84.000000	0	0.00000000
22	42.000000	84.000000	0	0.00000000
23	42.000000	84.000000	0	0.00000000
24	42.000000	84.000000	0	0.00000000
25	42.000000	84.000000	0	0.00000000
26	42.000000	84.000000	0	0.00000000
27	42.000000	84.000000	0	0.00000000
28	42.000000	84.000000	0	0.00000000
29	42.000000	84.000000	0	0.00000000
30	42.000000	84.000000	0	0.00000000
31	42.000000	84.000000	0	0.00000000
32	42.000000	84.000000	0	0.00000000
33	51.955448	85.656799	1	0.00000000
34	51.955448	85.656799	1	0.00000000
35	51.955448	85.656799	1	0.00000000
36	51.955448	85.656799	1	0.00000000
37	51.955448	85.656799	1	0.00000000
38	51.955448	85.656799	1	0.00000000
39	51.955448	85.656799	1	0.00000000
40	51.955448	85.656799	1	0.00000000
41	51.955448	85.656799	1	0.00000000
42	51.955448	85.656799	1	0.00000000
43	51.955448	85.656799	1	0.00000000
44	51.955448	85.656799	1	0.00000000
45	51.955448	85.656799	1	0.00000000
46	51.955448	85.656799	1	0.00000000
47	51.955448	85.656799	1	0.00000000
48	51.955448	85.656799	1	0.00000000
49	51.955448	85.656799	1	0.00000000
50	51.955448	85.656799	1	0.00000000
51	51.955448	85.656799	1	0.00000000
52	51.955448	85.656799	1	0.00000000
53	51.955448	85.656799	1	0.00000000
54	51.955448	85.656799	1	0.00000000
55	51.955448	85.656799	1	0.00000000
56	51.955448	85.656799	1	0.00000000
57	51.955448	85.656799	1	0.00000000
58	51.955448	85.656799	1	0.00000000
59	51.955448	85.656799	1	0.00000000
60	51.955448	85.656799	1	0.00000000
61	51.955448	85.656799	1	0.00000000
62	51.955448	85.656799	1	0.00000000
63	51.955448	85.656799	1	0.00000000
64	51.955448	85.656799	1	0.00000000
65	51.955448	85.656799	1	0.00000000
66	61.920799	90.323196	2	0.00000000
67	61.920799	90.323196	2	0.00000000
68	61.920799	90.323196	2	0.00000000
69	61.920799	90.323196	2	0.00000000
70	61.920799	90.323196	2	0.00000000
71	61.920799	90.323196	2	0.00000000
72	61.920799	90.323196	2	0.00000000
73	61.920799	90.323196	2	0.00000000
74	61.920799	90.323196	2	0.00000000
75	61.920799	90.323196	2	0.00000000
76	61.920799	90.323196	2	0.00000000
77	61.920799	90.323196	2	0.00000000
78	61.920799	90.323196	2	0.00000000
79	61.920799	90.323196	2	0.00000000
80	61.920799	90.323196	2	0.00000000
81	61.920799	90.323196	2	0.00000000
82	61.920799	90.323196	2	0.00000000
83	61.920799	90.323196	2	0.00000000
84	61.920799	90.323196	2	0.00000000
85	61.920799	90.323196	2	0.00000000
86	61.920799	90.323196	2	0.00000000
87	61.920799	90.323196	2	0.00000000
88	71.896049	97.999199	3	0.00000000
89	71.896049	97.999199	3	0.00000000
90	71.896049	97.999199	3	0.00000000
91	71.896049	97.999199	3	0.00000000
92	71.896049	97.999199	3	0.00000000
93	71.896049	97.999199	3	0.00000000
94	71.896049	97.999199	3	0.00000000
95	71.896049	97.999199	3	0.00000000
96	71.896049	97.999199	3	0.00000000
97	71.896049	97.999199	3	0.00000000
98	71.896049	97.999199	3	0.00000000
99	71.896049	97.999199	3	0.00000000
100	71.896049	97.999199	3	0.00000000
101	71.896049	97.999199	3	0.00000000
102	71.896049	97.999199	3	0.00000000
103	71.896049	97.999199	3	0.00000000
104	71.896049	97.999199	3	0.00000000
105	81.881203	108.684799	4	0.00000000
106	81.881203	108.684799	4	0.00000000
107	81.881203	108.684799	4	0.00000000
108	81.881203	108.684799	4	0.00000000
109	81.881203	108.684799	4	0.00000000
110	81.881203	108.684799	4	0.00000000
111	81.881203	108.684799	4	0.00000000
112	81.881203	108.684799	4	0.00000000
113	81.881203	108.684799	4	0.00000000
114	81.881203	108.684799	4	0.00000000
115	81.881203	108.684799	4	0.00000000
116	81.881203	108.684799	4	0.00000000
117	81.881203	108.684799	4	0.00000000
118	91.876251	122.379997	5	0.00000000
119	91.876251	122.379997	5	0.00000000
120	91.876251	122.379997	5	0.00000000
121	91.876251	122.379997	5	0.00000000
122	91.876251	122.379997	5	0.00000000
123	91.876251	122.379997	5	0.00000000
124	91.876251	122.379997	5	0.00000000
125	91.876251	122.379997	5	0.00000000
126	91.876251	122.379997	5	0.00000000
127	91.876251	122.379997	5	0.00000000
128	101.881203	139.084793	6	0.00000000
129	101.881203	139.084793	6	0.00000000
130	101.881203	139.084793	6	0.00000000
131	101.881203	139.084793	6	0.00000000
132	101.881203	139.084793	6	0.00000000
133	101.881203	139.084793	6	0.00000000
134	101.881203	139.084793	6	0.00000000
135	101.881203	139.084793	6	0.00000000
136	111.896049	158.799194	7	0.00000000
137	111.896049	158.799194	7	0.00000000
138	111.896049	158.799194	7	0.00000000
139	111.896049	158.799194	7	0.00000000
140	121.920799	181.523193	8	0.00000000
141	121.920799	181.523193	8	0.00000000
142	121.920799	181.523193	8	0.00000000
143	131.955444	207.256805	9	0.00000000
144	131.955444	207.256805	9	0.00000000
145	131.955444	207.256805	9	0.00000000
146	142.000000	236.000000	10	0.00000000
147	142.000000	236.000000	10	0.00000000
148	142.000000	236.000000	10	0.00000000
149	142.000000	236.000000	10	0.00000000
150	142.000000	236.000000	10	0.00000000
151	142.000000	236.000000	10	0.00000000
152	142.000000	236.000000	10	0.00000000
153	142.000000	236.000000	10	0.00000000
154	142.000000	236.000000	10	0.00000000
155	142.000000	236.000000	10	0.00000000
156	142.000000	236.000000	10	0.00000000
157	151.855453	207.256805	11	0.00000000
158	151.855453	207.256805	11	0.00000000
159	151.855453	207.256805	11	0.00000000
160	161.720795	181.523193	12	0.00000000
161	161.720795	181.523193	12	0.00000000
162	161.720795	181.523193	12	0.00000000
163	171.596054	158.799194	13	0.00000000
164	171.596054	158.799194	13	0.00000000
165	171.596054	158.799194	13	0.00000000
166	171.596054	158.799194	13	0.00000000
167	171.596054	158.799194	13	0.00000000
168	171.596054	158.799194	13	0.00000000
169	171.596054	158.799194	13	0.00000000
170	181.481201	139.084793	14	0.00000000
171	181.481201	139.084793	14	0.00000000
172	181.481201	139.084793	14	0.00000000
173	181.481201	139.084793	14	0.00000000
174	181.481201	139.084793	14	0.00000000
175	181.481201	139.084793	14	0.00000000
176	181.481201	139.084793	14	0.00000000
177	181.481201	139.084793	14	0.00000000
178	191.376251	122.379997	15	0.00000000
179	191.376251	122.379997	15	0.00000000
180	191.376251	122.379997	15	0.00000000
181	191.376251	122.379997	15	0.00000000
182	191.376251	122.379997	15	0.00000000
183	191.376251	122.379997	15	0.00000000
184	191.376251	122.379997	15	0.00000000
185	191.376251	122.379997	15	0.00000000
186	191.376251	122.379997	15	0.00000000
187	191.376251	122.379997	15	0.00000000
188	201.281204	108.684799	16	0.00000000
189	201.281204	108.684799	16	0.00000000
190	201.281204	108.684799	16	0.00000000
191	201.281204	108.684799	16	0.00000000
192	201.281204	108.684799	16	0.00000000
193	201.281204	108.684799	16	0.00000000
194	201.281204	108.684799	16	0.00000000
195	201.281204	108.684799	16	0.00000000
196	201.281204	108.684799	16	0.00000000
197	201.281204	108.684799	16	0.00000000
198	201.281204	108.684799	16	0.00000000
199	201.281204	108.684799	16	0.00000000
200	201.281204	108.684799	16	0.00000000
201	211.196045	97.999199	17	0.00000000
202	211.196045	97.999199	17	0.00000000
203	211.196045	97.999199	17	0.00000000
204	211.196045	97.999199	17	0.00000000
205	211.196045	97.999199	17	0.00000000
206	211.196045	97.999199	17	0.00000000
207	211.196045	97.999199	17	0.00000000
208	211.196045	97.999199	17	0.00000000
209	211.196045	97.999199	17	0.00000000
210	211.196045	97.999199	17	0.00000000
211	211.196045	97.999199	17	0.00000000
212	211.196045	97.999199	17	0.00000000
213	211.196045	97.999199	17	0.00000000
214	211.196045	97.999199	17	0.00000000
215	211.196045	97.999199	17	0.00000000
216	211.196045	97.999199	17	0.00000000
217	211.196045	97.999199	17	0.00000000
218	221.120804	90.323196	18	0.00000000
219	221.120804	90.323196	18	0.00000000
220	221.120804	90.323196	18	0.00000000
221	221.120804	90.323196	18	0.00000000
222	221.120804	90.323196	18	0.00000000
223	221.120804	90.323196	18	0.00000000
224	221.120804	90.323196	18	0.00000000
225	221.120804	90.323196	18	0.00000000
226	221.120804	90.323196	18	0.00000000
227	221.120804	90.323196	18	0.00000000
228	221.120804	90.323196	18	0.00000000
229	221.120804	90.323196	18	0.00000000
230	221.120804	90.323196	18	0.00000000
231	221.120804	90.323196	18	0.00000000
232	221.120804	90.323196	18	0.00000000
233	221.120804	90.323196	18	0.00000000
234	221.120804	90.323196	18	0.00000000
235	221.120804	90.323196	18	0.00000000
236	221.120804	90.323196	18	0.00000000
237	221.120804	90.323196	18	0.00000000
238	221.120804	90.323196	18	0.00000000
239	221.120804	90.323196	18	0.00000000
240	221.120804	90.323196	18	0.00000000
241	221.120804	90.323196	18	0.00000000
242	221.120804	90.323196	18	0.00000000
243	221.120804	90.323196	18	0.00000000
244	221.120804	90.323196	18	0.00000000
245	231.055450	85.656799	19	0.00000000
246	231.055450	85.656799	19	0.00000000
247	231.055450	85.656799	19	0.00000000
248	231.055450	85.656799	19	0.00000000
249	231.055450	85.656799	19	0.00000000
250	231.055450	85.656799	19	0.00000000
251	231.055450	85.656799	19	0.00000000
252	231.055450	85.656799	19	0.00000000
253	231.055450	85.656799	19	0.00000000
254	231.055450	85.656799	19	0.00000000
255	231.055450	85.656799	19	0.00000000
256	231.055450	85.656799	19	0.00000000
257	231.055450	85.656799	19	0.00000000
258	231.055450	85.656799	19	0.00000000
259	231.055450	85.656799	19	0.00000000
260	231.055450	85.656799	19	0.00000000
261	231.055450	85.656799	19	0.00000000
262	231.055450	85.656799	19	0.00000000
263	231.055450	85.656799	19	0.00000000
264	231.055450	85.656799	19	0.00000000
265	231.055450	85.656799	19	0.00000000
266	231.055450	85.656799	19	0.00000000
267	231.055450	85.656799	19	0.00000000
268	231.055450	85.656799	19	0.00000000
269	231.055450	85.656799	19	0.00000000
270	231.055450	85.656799	19	0.00000000
271	231.055450	85.656799	19	0.00000000
272	231.055450	85.656799	19	0.00000000
273	231.055450	85.656799	19	0.00000000
274	231.055450	85.656799	19	0.00000000
275	231.055450	85.656799	19	0.00000000
276	231.055450	85.656799	19	0.00000000
277	231.055450	85.656799	19	0.00000000
278	241.000000	84.000000	20	0.00000000
279	241.000000	84.000000	20	0.00000000
280	241.000000	84.000000	20	0.00000000
281	241.000000	84.000000	20	0.00000000
282	241.000000	84.000000	20	0.00000000
283	241.000000	84.000000	20	0.00000000
284	241.000000	84.000000	20	0.00000000
285	241.000000	84.000000	20	0.00000000
286	241.000000	84.000000	20	0.00000000
287	241.000000	84.000000	20	0.00000000
288	241.000000	84.000000	20	0.00000000
289	241.000000	84.000000	20	0.00000000
290	241.000000	84.000000	20	0.00000000
291	241.000000	84.000000	20	0.00000000
292	241.000000	84.000000	20	0.00000000
293	241.000000	84.000000	20	0.00000000
294	241.000000	84.000000	20	0.00000000
295	241.000000	84.000000	20	0.00000000
296	241.000000	84.000000	20	0.00000000
297	241.000000	84.000000	20	0.00000000
298	241.000000	84.000000	20	0.00000000
299	241.000000	84.000000	20	0.00000000
300	241.000000	84.000000	20	0.00000000
301	241.000000	84.000000	20	0.00000000
302	241.000000	84.000000	20	0.00000000
303	241.000000	84.000000	20	0.00000000
304	241.000000	84.000000	20	0.00000000
305	241.000000	84.000000	20	0.00000000
306	241.000000	84.000000	20	0.00000000
307	241.000000	84.000000	20	0.00000000
308	241.000000	84.000000	20	0.00000000
309	241.000000	84.000000	20	0.00000000
310	241.000000	84.000000	20	0.00000000
