# coordinate_system: voxel_xy_after_load_rotation_geometry_for_volume
# x = volume H-axis coordinate, y = volume W-axis coordinate
centers_shape: (21, 2)
ray_origins_shape: (576, 2)

[centers]
idx	x_H_axis	y_W_axis
0	42.000000	84.000000
1	51.955448	85.656799
2	61.920799	90.323196
3	71.896049	97.999199
4	81.881203	108.684799
5	91.876251	122.379997
6	101.881203	139.084793
7	111.896049	158.799194
8	121.920799	181.523193
9	131.955444	207.256805
10	142.000000	236.000000
11	151.855453	207.256805
12	161.720795	181.523193
13	171.596054	158.799194
14	181.481201	139.084793
15	191.376251	122.379997
16	201.281204	108.684799
17	211.196045	97.999199
18	221.120804	90.323196
19	231.055450	85.656799
20	241.000000	84.000000

[ray_origins]
idx	x_H_axis	y_W_axis	nearest_center_id	nearest_center_dist
0	42.000000	84.000000	0	0.00000000
1	42.000000	84.000000	0	0.00000000
2	42.000000	84.000000	0	0.00000000
3	42.000000	84.000000	0	0.00000000
4	42.000000	84.000000	0	0.00000000
5	42.000000	84.000000	0	0.00000000
6	42.000000	84.000000	0	0.00000000
7	42.000000	84.000000	0	0.00000000
8	42.000000	84.000000	0	0.00000000
9	42.000000	84.000000	0	0.00000000
10	42.000000	84.000000	0	0.00000000
11	42.000000	84.000000	0	0.00000000
12	42.000000	84.000000	0	0.00000000
13	42.000000	84.000000	0	0.00000000
14	42.000000	84.000000	0	0.00000000
15	42.000000	84.000000	0	0.00000000
16	42.000000	84.000000	0	0.00000000
17	42.000000	84.000000	0	0.00000000
18	42.000000	84.000000	0	0.00000000
19	42.000000	84.000000	0	0.00000000
20	42.000000	84.000000	0	0.00000000
21	42.000000	84.000000	0	0.00000000
22	42.000000	84.000000	0	0.00000000
23	42.000000	84.000000	0	0.00000000
24	42.000000	84.000000	0	0.00000000
25	42.000000	84.000000	0	0.00000000
26	42.000000	84.000000	0	0.00000000
27	42.000000	84.000000	0	0.00000000
28	42.000000	84.000000	0	0.00000000
29	42.000000	84.000000	0	0.00000000
30	42.000000	84.000000	0	0.00000000
31	42.000000	84.000000	0	0.00000000
32	42.000000	84.000000	0	0.00000000
33	42.000000	84.000000	0	0.00000000
34	42.000000	84.000000	0	0.00000000
35	42.000000	84.000000	0	0.00000000
36	42.000000	84.000000	0	0.00000000
37	42.000000	84.000000	0	0.00000000
38	42.000000	84.000000	0	0.00000000
39	42.000000	84.000000	0	0.00000000
40	42.000000	84.000000	0	0.00000000
41	42.000000	84.000000	0	0.00000000
42	42.000000	84.000000	0	0.00000000
43	42.000000	84.000000	0	0.00000000
44	42.000000	84.000000	0	0.00000000
45	42.000000	84.000000	0	0.00000000
46	42.000000	84.000000	0	0.00000000
47	42.000000	84.000000	0	0.00000000
48	42.000000	84.000000	0	0.00000000
49	42.000000	84.000000	0	0.00000000
50	42.000000	84.000000	0	0.00000000
51	42.000000	84.000000	0	0.00000000
52	42.000000	84.000000	0	0.00000000
53	42.000000	84.000000	0	0.00000000
54	51.955448	85.656799	1	0.00000000
55	51.955448	85.656799	1	0.00000000
56	51.955448	85.656799	1	0.00000000
57	51.955448	85.656799	1	0.00000000
58	51.955448	85.656799	1	0.00000000
59	51.955448	85.656799	1	0.00000000
60	51.955448	85.656799	1	0.00000000
61	51.955448	85.656799	1	0.00000000
62	51.955448	85.656799	1	0.00000000
63	51.955448	85.656799	1	0.00000000
64	51.955448	85.656799	1	0.00000000
65	51.955448	85.656799	1	0.00000000
66	51.955448	85.656799	1	0.00000000
67	51.955448	85.656799	1	0.00000000
68	51.955448	85.656799	1	0.00000000
69	51.955448	85.656799	1	0.00000000
70	51.955448	85.656799	1	0.00000000
71	51.955448	85.656799	1	0.00000000
72	51.955448	85.656799	1	0.00000000
73	51.955448	85.656799	1	0.00000000
74	51.955448	85.656799	1	0.00000000
75	51.955448	85.656799	1	0.00000000
76	51.955448	85.656799	1	0.00000000
77	51.955448	85.656799	1	0.00000000
78	51.955448	85.656799	1	0.00000000
79	51.955448	85.656799	1	0.00000000
80	51.955448	85.656799	1	0.00000000
81	51.955448	85.656799	1	0.00000000
82	51.955448	85.656799	1	0.00000000
83	51.955448	85.656799	1	0.00000000
84	51.955448	85.656799	1	0.00000000
85	51.955448	85.656799	1	0.00000000
86	51.955448	85.656799	1	0.00000000
87	51.955448	85.656799	1	0.00000000
88	51.955448	85.656799	1	0.00000000
89	51.955448	85.656799	1	0.00000000
90	51.955448	85.656799	1	0.00000000
91	51.955448	85.656799	1	0.00000000
92	51.955448	85.656799	1	0.00000000
93	51.955448	85.656799	1	0.00000000
94	51.955448	85.656799	1	0.00000000
95	51.955448	85.656799	1	0.00000000
96	51.955448	85.656799	1	0.00000000
97	51.955448	85.656799	1	0.00000000
98	51.955448	85.656799	1	0.00000000
99	51.955448	85.656799	1	0.00000000
100	51.955448	85.656799	1	0.00000000
101	51.955448	85.656799	1	0.00000000
102	51.955448	85.656799	1	0.00000000
103	51.955448	85.656799	1	0.00000000
104	51.955448	85.656799	1	0.00000000
105	51.955448	85.656799	1	0.00000000
106	51.955448	85.656799	1	0.00000000
107	51.955448	85.656799	1	0.00000000
108	61.920799	90.323196	2	0.00000000
109	61.920799	90.323196	2	0.00000000
110	61.920799	90.323196	2	0.00000000
111	61.920799	90.323196	2	0.00000000
112	61.920799	90.323196	2	0.00000000
113	61.920799	90.323196	2	0.00000000
114	61.920799	90.323196	2	0.00000000
115	61.920799	90.323196	2	0.00000000
116	61.920799	90.323196	2	0.00000000
117	61.920799	90.323196	2	0.00000000
118	61.920799	90.323196	2	0.00000000
119	61.920799	90.323196	2	0.00000000
120	61.920799	90.323196	2	0.00000000
121	61.920799	90.323196	2	0.00000000
122	61.920799	90.323196	2	0.00000000
123	61.920799	90.323196	2	0.00000000
124	61.920799	90.323196	2	0.00000000
125	61.920799	90.323196	2	0.00000000
126	61.920799	90.323196	2	0.00000000
127	61.920799	90.323196	2	0.00000000
128	61.920799	90.323196	2	0.00000000
129	61.920799	90.323196	2	0.00000000
130	61.920799	90.323196	2	0.00000000
131	61.920799	90.323196	2	0.00000000
132	61.920799	90.323196	2	0.00000000
133	61.920799	90.323196	2	0.00000000
134	61.920799	90.323196	2	0.00000000
135	61.920799	90.323196	2	0.00000000
136	61.920799	90.323196	2	0.00000000
137	61.920799	90.323196	2	0.00000000
138	61.920799	90.323196	2	0.00000000
139	61.920799	90.323196	2	0.00000000
140	61.920799	90.323196	2	0.00000000
141	61.920799	90.323196	2	0.00000000
142	61.920799	90.323196	2	0.00000000
143	61.920799	90.323196	2	0.00000000
144	61.920799	90.323196	2	0.00000000
145	61.920799	90.323196	2	0.00000000
146	61.920799	90.323196	2	0.00000000
147	61.920799	90.323196	2	0.00000000
148	61.920799	90.323196	2	0.00000000
149	61.920799	90.323196	2	0.00000000
150	61.920799	90.323196	2	0.00000000
151	61.920799	90.323196	2	0.00000000
152	61.920799	90.323196	2	0.00000000
153	61.920799	90.323196	2	0.00000000
154	61.920799	90.323196	2	0.00000000
155	61.920799	90.323196	2	0.00000000
156	61.920799	90.323196	2	0.00000000
157	61.920799	90.323196	2	0.00000000
158	61.920799	90.323196	2	0.00000000
159	71.896049	97.999199	3	0.00000000
160	71.896049	97.999199	3	0.00000000
161	71.896049	97.999199	3	0.00000000
162	71.896049	97.999199	3	0.00000000
163	71.896049	97.999199	3	0.00000000
164	71.896049	97.999199	3	0.00000000
165	71.896049	97.999199	3	0.00000000
166	71.896049	97.999199	3	0.00000000
167	71.896049	97.999199	3	0.00000000
168	71.896049	97.999199	3	0.00000000
169	71.896049	97.999199	3	0.00000000
170	71.896049	97.999199	3	0.00000000
171	71.896049	97.999199	3	0.00000000
172	71.896049	97.999199	3	0.00000000
173	71.896049	97.999199	3	0.00000000
174	71.896049	97.999199	3	0.00000000
175	71.896049	97.999199	3	0.00000000
176	71.896049	97.999199	3	0.00000000
177	71.896049	97.999199	3	0.00000000
178	71.896049	97.999199	3	0.00000000
179	71.896049	97.999199	3	0.00000000
180	71.896049	97.999199	3	0.00000000
181	71.896049	97.999199	3	0.00000000
182	71.896049	97.999199	3	0.00000000
183	71.896049	97.999199	3	0.00000000
184	71.896049	97.999199	3	0.00000000
185	71.896049	97.999199	3	0.00000000
186	71.896049	97.999199	3	0.00000000
187	71.896049	97.999199	3	0.00000000
188	71.896049	97.999199	3	0.00000000
189	71.896049	97.999199	3	0.00000000
190	71.896049	97.999199	3	0.00000000
191	71.896049	97.999199	3	0.00000000
192	71.896049	97.999199	3	0.00000000
193	71.896049	97.999199	3	0.00000000
194	71.896049	97.999199	3	0.00000000
195	71.896049	97.999199	3	0.00000000
196	71.896049	97.999199	3	0.00000000
197	71.896049	97.999199	3	0.00000000
198	81.881203	108.684799	4	0.00000000
199	81.881203	108.684799	4	0.00000000
200	81.881203	108.684799	4	0.00000000
201	81.881203	108.684799	4	0.00000000
202	81.881203	108.684799	4	0.00000000
203	81.881203	108.684799	4	0.00000000
204	81.881203	108.684799	4	0.00000000
205	81.881203	108.684799	4	0.00000000
206	81.881203	108.684799	4	0.00000000
207	81.881203	108.684799	4	0.00000000
208	81.881203	108.684799	4	0.00000000
209	81.881203	108.684799	4	0.00000000
210	81.881203	108.684799	4	0.00000000
211	81.881203	108.684799	4	0.00000000
212	81.881203	108.684799	4	0.00000000
213	81.881203	108.684799	4	0.00000000
214	81.881203	108.684799	4	0.00000000
215	81.881203	108.684799	4	0.00000000
216	81.881203	108.684799	4	0.00000000
217	81.881203	108.684799	4	0.00000000
218	81.881203	108.684799	4	0.00000000
219	81.881203	108.684799	4	0.00000000
220	81.881203	108.684799	4	0.00000000
221	81.881203	108.684799	4	0.00000000
222	81.881203	108.684799	4	0.00000000
223	81.881203	108.684799	4	0.00000000
224	81.881203	108.684799	4	0.00000000
225	81.881203	108.684799	4	0.00000000
226	81.881203	108.684799	4	0.00000000
227	91.876251	122.379997	5	0.00000000
228	91.876251	122.379997	5	0.00000000
229	91.876251	122.379997	5	0.00000000
230	91.876251	122.379997	5	0.00000000
231	91.876251	122.379997	5	0.00000000
232	91.876251	122.379997	5	0.00000000
233	91.876251	122.379997	5	0.00000000
234	91.876251	122.379997	5	0.00000000
235	91.876251	122.379997	5	0.00000000
236	91.876251	122.379997	5	0.00000000
237	91.876251	122.379997	5	0.00000000
238	91.876251	122.379997	5	0.00000000
239	91.876251	122.379997	5	0.00000000
240	91.876251	122.379997	5	0.00000000
241	91.876251	122.379997	5	0.00000000
242	91.876251	122.379997	5	0.00000000
243	91.876251	122.379997	5	0.00000000
244	91.876251	122.379997	5	0.00000000
245	91.876251	122.379997	5	0.00000000
246	91.876251	122.379997	5	0.00000000
247	91.876251	122.379997	5	0.00000000
248	91.876251	122.379997	5	0.00000000
249	101.881203	139.084793	6	0.00000000
250	101.881203	139.084793	6	0.00000000
251	101.881203	139.084793	6	0.00000000
252	101.881203	139.084793	6	0.00000000
253	101.881203	139.084793	6	0.00000000
254	101.881203	139.084793	6	0.00000000
255	101.881203	139.084793	6	0.00000000
256	101.881203	139.084793	6	0.00000000
257	101.881203	139.084793	6	0.00000000
258	101.881203	139.084793	6	0.00000000
259	101.881203	139.084793	6	0.00000000
260	101.881203	139.084793	6	0.00000000
261	101.881203	139.084793	6	0.00000000
262	101.881203	139.084793	6	0.00000000
263	101.881203	139.084793	6	0.00000000
264	101.881203	139.084793	6	0.00000000
265	101.881203	139.084793	6	0.00000000
266	111.896049	158.799194	7	0.00000000
267	111.896049	158.799194	7	0.00000000
268	111.896049	158.799194	7	0.00000000
269	111.896049	158.799194	7	0.00000000
270	111.896049	158.799194	7	0.00000000
271	121.920799	181.523193	8	0.00000000
272	121.920799	181.523193	8	0.00000000
273	121.920799	181.523193	8	0.00000000
274	121.920799	181.523193	8	0.00000000
275	121.920799	181.523193	8	0.00000000
276	131.955444	207.256805	9	0.00000000
277	131.955444	207.256805	9	0.00000000
278	131.955444	207.256805	9	0.00000000
279	131.955444	207.256805	9	0.00000000
280	142.000000	236.000000	10	0.00000000
281	142.000000	236.000000	10	0.00000000
282	142.000000	236.000000	10	0.00000000
283	142.000000	236.000000	10	0.00000000
284	142.000000	236.000000	10	0.00000000
285	142.000000	236.000000	10	0.00000000
286	142.000000	236.000000	10	0.00000000
287	142.000000	236.000000	10	0.00000000
288	142.000000	236.000000	10	0.00000000
289	142.000000	236.000000	10	0.00000000
290	142.000000	236.000000	10	0.00000000
291	142.000000	236.000000	10	0.00000000
292	142.000000	236.000000	10	0.00000000
293	142.000000	236.000000	10	0.00000000
294	151.855453	207.256805	11	0.00000000
295	151.855453	207.256805	11	0.00000000
296	151.855453	207.256805	11	0.00000000
297	151.855453	207.256805	11	0.00000000
298	161.720795	181.523193	12	0.00000000
299	161.720795	181.523193	12	0.00000000
300	161.720795	181.523193	12	0.00000000
301	161.720795	181.523193	12	0.00000000
302	161.720795	181.523193	12	0.00000000
303	171.596054	158.799194	13	0.00000000
304	171.596054	158.799194	13	0.00000000
305	171.596054	158.799194	13	0.00000000
306	171.596054	158.799194	13	0.00000000
307	171.596054	158.799194	13	0.00000000
308	171.596054	158.799194	13	0.00000000
309	171.596054	158.799194	13	0.00000000
310	171.596054	158.799194	13	0.00000000
311	171.596054	158.799194	13	0.00000000
312	171.596054	158.799194	13	0.00000000
313	171.596054	158.799194	13	0.00000000
314	171.596054	158.799194	13	0.00000000
315	171.596054	158.799194	13	0.00000000
316	171.596054	158.799194	13	0.00000000
317	181.481201	139.084793	14	0.00000000
318	181.481201	139.084793	14	0.00000000
319	181.481201	139.084793	14	0.00000000
320	181.481201	139.084793	14	0.00000000
321	181.481201	139.084793	14	0.00000000
322	181.481201	139.084793	14	0.00000000
323	181.481201	139.084793	14	0.00000000
324	181.481201	139.084793	14	0.00000000
325	181.481201	139.084793	14	0.00000000
326	181.481201	139.084793	14	0.00000000
327	181.481201	139.084793	14	0.00000000
328	181.481201	139.084793	14	0.00000000
329	181.481201	139.084793	14	0.00000000
330	181.481201	139.084793	14	0.00000000
331	181.481201	139.084793	14	0.00000000
332	181.481201	139.084793	14	0.00000000
333	181.481201	139.084793	14	0.00000000
334	181.481201	139.084793	14	0.00000000
335	191.376251	122.379997	15	0.00000000
336	191.376251	122.379997	15	0.00000000
337	191.376251	122.379997	15	0.00000000
338	191.376251	122.379997	15	0.00000000
339	191.376251	122.379997	15	0.00000000
340	191.376251	122.379997	15	0.00000000
341	191.376251	122.379997	15	0.00000000
342	191.376251	122.379997	15	0.00000000
343	191.376251	122.379997	15	0.00000000
344	191.376251	122.379997	15	0.00000000
345	191.376251	122.379997	15	0.00000000
346	191.376251	122.379997	15	0.00000000
347	191.376251	122.379997	15	0.00000000
348	191.376251	122.379997	15	0.00000000
349	191.376251	122.379997	15	0.00000000
350	191.376251	122.379997	15	0.00000000
351	191.376251	122.379997	15	0.00000000
352	191.376251	122.379997	15	0.00000000
353	191.376251	122.379997	15	0.00000000
354	191.376251	122.379997	15	0.00000000
355	191.376251	122.379997	15	0.00000000
356	191.376251	122.379997	15	0.00000000
357	201.281204	108.684799	16	0.00000000
358	201.281204	108.684799	16	0.00000000
359	201.281204	108.684799	16	0.00000000
360	201.281204	108.684799	16	0.00000000
361	201.281204	108.684799	16	0.00000000
362	201.281204	108.684799	16	0.00000000
363	201.281204	108.684799	16	0.00000000
364	201.281204	108.684799	16	0.00000000
365	201.281204	108.684799	16	0.00000000
366	201.281204	108.684799	16	0.00000000
367	201.281204	108.684799	16	0.00000000
368	201.281204	108.684799	16	0.00000000
369	201.281204	108.684799	16	0.00000000
370	201.281204	108.684799	16	0.00000000
371	201.281204	108.684799	16	0.00000000
372	201.281204	108.684799	16	0.00000000
373	201.281204	108.684799	16	0.00000000
374	201.281204	108.684799	16	0.00000000
375	201.281204	108.684799	16	0.00000000
376	201.281204	108.684799	16	0.00000000
377	201.281204	108.684799	16	0.00000000
378	201.281204	108.684799	16	0.00000000
379	201.281204	108.684799	16	0.00000000
380	201.281204	108.684799	16	0.00000000
381	201.281204	108.684799	16	0.00000000
382	201.281204	108.684799	16	0.00000000
383	201.281204	108.684799	16	0.00000000
384	201.281204	108.684799	16	0.00000000
385	201.281204	108.684799	16	0.00000000
386	211.196045	97.999199	17	0.00000000
387	211.196045	97.999199	17	0.00000000
388	211.196045	97.999199	17	0.00000000
389	211.196045	97.999199	17	0.00000000
390	211.196045	97.999199	17	0.00000000
391	211.196045	97.999199	17	0.00000000
392	211.196045	97.999199	17	0.00000000
393	211.196045	97.999199	17	0.00000000
394	211.196045	97.999199	17	0.00000000
395	211.196045	97.999199	17	0.00000000
396	211.196045	97.999199	17	0.00000000
397	211.196045	97.999199	17	0.00000000
398	211.196045	97.999199	17	0.00000000
399	211.196045	97.999199	17	0.00000000
400	211.196045	97.999199	17	0.00000000
401	211.196045	97.999199	17	0.00000000
402	211.196045	97.999199	17	0.00000000
403	211.196045	97.999199	17	0.00000000
404	211.196045	97.999199	17	0.00000000
405	211.196045	97.999199	17	0.00000000
406	211.196045	97.999199	17	0.00000000
407	211.196045	97.999199	17	0.00000000
408	211.196045	97.999199	17	0.00000000
409	211.196045	97.999199	17	0.00000000
410	211.196045	97.999199	17	0.00000000
411	211.196045	97.999199	17	0.00000000
412	211.196045	97.999199	17	0.00000000
413	211.196045	97.999199	17	0.00000000
414	211.196045	97.999199	17	0.00000000
415	211.196045	97.999199	17	0.00000000
416	211.196045	97.999199	17	0.00000000
417	211.196045	97.999199	17	0.00000000
418	211.196045	97.999199	17	0.00000000
419	211.196045	97.999199	17	0.00000000
420	211.196045	97.999199	17	0.00000000
421	211.196045	97.999199	17	0.00000000
422	211.196045	97.999199	17	0.00000000
423	211.196045	97.999199	17	0.00000000
424	211.196045	97.999199	17	0.00000000
425	221.120804	90.323196	18	0.00000000
426	221.120804	90.323196	18	0.00000000
427	221.120804	90.323196	18	0.00000000
428	221.120804	90.323196	18	0.00000000
429	221.120804	90.323196	18	0.00000000
430	221.120804	90.323196	18	0.00000000
431	221.120804	90.323196	18	0.00000000
432	221.120804	90.323196	18	0.00000000
433	221.120804	90.323196	18	0.00000000
434	221.120804	90.323196	18	0.00000000
435	221.120804	90.323196	18	0.00000000
436	221.120804	90.323196	18	0.00000000
437	221.120804	90.323196	18	0.00000000
438	221.120804	90.323196	18	0.00000000
439	221.120804	90.323196	18	0.00000000
440	221.120804	90.323196	18	0.00000000
441	221.120804	90.323196	18	0.00000000
442	221.120804	90.323196	18	0.00000000
443	221.120804	90.323196	18	0.00000000
444	221.120804	90.323196	18	0.00000000
445	221.120804	90.323196	18	0.00000000
446	221.120804	90.323196	18	0.00000000
447	221.120804	90.323196	18	0.00000000
448	221.120804	90.323196	18	0.00000000
449	221.120804	90.323196	18	0.00000000
450	221.120804	90.323196	18	0.00000000
451	221.120804	90.323196	18	0.00000000
452	221.120804	90.323196	18	0.00000000
453	221.120804	90.323196	18	0.00000000
454	221.120804	90.323196	18	0.00000000
455	221.120804	90.323196	18	0.00000000
456	221.120804	90.323196	18	0.00000000
457	221.120804	90.323196	18	0.00000000
458	221.120804	90.323196	18	0.00000000
459	221.120804	90.323196	18	0.00000000
460	221.120804	90.323196	18	0.00000000
461	221.120804	90.323196	18	0.00000000
462	221.120804	90.323196	18	0.00000000
463	221.120804	90.323196	18	0.00000000
464	221.120804	90.323196	18	0.00000000
465	221.120804	90.323196	18	0.00000000
466	221.120804	90.323196	18	0.00000000
467	221.120804	90.323196	18	0.00000000
468	231.055450	85.656799	19	0.00000000
469	231.055450	85.656799	19	0.00000000
470	231.055450	85.656799	19	0.00000000
471	231.055450	85.656799	19	0.00000000
472	231.055450	85.656799	19	0.00000000
473	231.055450	85.656799	19	0.00000000
474	231.055450	85.656799	19	0.00000000
475	231.055450	85.656799	19	0.00000000
476	231.055450	85.656799	19	0.00000000
477	231.055450	85.656799	19	0.00000000
478	231.055450	85.656799	19	0.00000000
479	231.055450	85.656799	19	0.00000000
480	231.055450	85.656799	19	0.00000000
481	231.055450	85.656799	19	0.00000000
482	231.055450	85.656799	19	0.00000000
483	231.055450	85.656799	19	0.00000000
484	231.055450	85.656799	19	0.00000000
485	231.055450	85.656799	19	0.00000000
486	231.055450	85.656799	19	0.00000000
487	231.055450	85.656799	19	0.00000000
488	231.055450	85.656799	19	0.00000000
489	231.055450	85.656799	19	0.00000000
490	231.055450	85.656799	19	0.00000000
491	231.055450	85.656799	19	0.00000000
492	231.055450	85.656799	19	0.00000000
493	231.055450	85.656799	19	0.00000000
494	231.055450	85.656799	19	0.00000000
495	231.055450	85.656799	19	0.00000000
496	231.055450	85.656799	19	0.00000000
497	231.055450	85.656799	19	0.00000000
498	231.055450	85.656799	19	0.00000000
499	231.055450	85.656799	19	0.00000000
500	231.055450	85.656799	19	0.00000000
501	231.055450	85.656799	19	0.00000000
502	231.055450	85.656799	19	0.00000000
503	231.055450	85.656799	19	0.00000000
504	231.055450	85.656799	19	0.00000000
505	231.055450	85.656799	19	0.00000000
506	231.055450	85.656799	19	0.00000000
507	231.055450	85.656799	19	0.00000000
508	231.055450	85.656799	19	0.00000000
509	231.055450	85.656799	19	0.00000000
510	231.055450	85.656799	19	0.00000000
511	231.055450	85.656799	19	0.00000000
512	231.055450	85.656799	19	0.00000000
513	231.055450	85.656799	19	0.00000000
514	231.055450	85.656799	19	0.00000000
515	231.055450	85.656799	19	0.00000000
516	231.055450	85.656799	19	0.00000000
517	231.055450	85.656799	19	0.00000000
518	231.055450	85.656799	19	0.00000000
519	231.055450	85.656799	19	0.00000000
520	231.055450	85.656799	19	0.00000000
521	231.055450	85.656799	19	0.00000000
522	241.000000	84.000000	20	0.00000000
523	241.000000	84.000000	20	0.00000000
524	241.000000	84.000000	20	0.00000000
525	241.000000	84.000000	20	0.00000000
526	241.000000	84.000000	20	0.00000000
527	241.000000	84.000000	20	0.00000000
528	241.000000	84.000000	20	0.00000000
529	241.000000	84.000000	20	0.00000000
530	241.000000	84.000000	20	0.00000000
531	241.000000	84.000000	20	0.00000000
532	241.000000	84.000000	20	0.00000000
533	241.000000	84.000000	20	0.00000000
534	241.000000	84.000000	20	0.00000000
535	241.000000	84.000000	20	0.00000000
536	241.000000	84.000000	20	0.00000000
537	241.000000	84.000000	20	0.00000000
538	241.000000	84.000000	20	0.00000000
539	241.000000	84.000000	20	0.00000000
540	241.000000	84.000000	20	0.00000000
541	241.000000	84.000000	20	0.00000000
542	241.000000	84.000000	20	0.00000000
543	241.000000	84.000000	20	0.00000000
544	241.000000	84.000000	20	0.00000000
545	241.000000	84.000000	20	0.00000000
546	241.000000	84.000000	20	0.00000000
547	241.000000	84.000000	20	0.00000000
548	241.000000	84.000000	20	0.00000000
549	241.000000	84.000000	20	0.00000000
550	241.000000	84.000000	20	0.00000000
551	241.000000	84.000000	20	0.00000000
552	241.000000	84.000000	20	0.00000000
553	241.000000	84.000000	20	0.00000000
554	241.000000	84.000000	20	0.00000000
555	241.000000	84.000000	20	0.00000000
556	241.000000	84.000000	20	0.00000000
557	241.000000	84.000000	20	0.00000000
558	241.000000	84.000000	20	0.00000000
559	241.000000	84.000000	20	0.00000000
560	241.000000	84.000000	20	0.00000000
561	241.000000	84.000000	20	0.00000000
562	241.000000	84.000000	20	0.00000000
563	241.000000	84.000000	20	0.00000000
564	241.000000	84.000000	20	0.00000000
565	241.000000	84.000000	20	0.00000000
566	241.000000	84.000000	20	0.00000000
567	241.000000	84.000000	20	0.00000000
568	241.000000	84.000000	20	0.00000000
569	241.000000	84.000000	20	0.00000000
570	241.000000	84.000000	20	0.00000000
571	241.000000	84.000000	20	0.00000000
572	241.000000	84.000000	20	0.00000000
573	241.000000	84.000000	20	0.00000000
574	241.000000	84.000000	20	0.00000000
575	241.000000	84.000000	20	0.00000000
