1
3
4
7
9
10
19
23
26
27
33
35
38
41
45
46
47
54
55
57
58
59
60
61
63
66
67
69
73
76
85
88
89
100
104
105
106
110
111
112
113
114
117
126
129
137
139
143
147
151
153
155
157
161
166
168
169
171
172
175
176
182
184
186
187
190
192
194
199
205
208
209
210
212
214
215
217
218
219
222
224
225
227
228
233
234
235
238
239
240
241
242
243
247
252
253
255
259
260
261
262
264
267
271
272
274
275
277
278
279
281
284
285
292
293
295
297
298
300
302
305
308
310
311
314
315
319
324
327
330
331
333
335
344
346
347
349
352
353
354
364
366
367
369
375
376
378
379
382
385
386
387
390
392
400
401
404
1010
1011
1012
1013
1015
1016
1017
1020
1022
1026
1027
1028
1029
1030
1033
1035
1039
1040
1042
1044
1045
1046
1047
1048
1051
1052
1053
1057
1058
1059
1061
1062
1063
